7
input	162000
dense	16
relu	0
dense	16
relu	0
dense	1
sigmoid	0
0.0010000000474974513
-1.9238841e-02	9.7057752e-02	-2.2376797e-01	1.4303386e-04	8.2773907e-04	2.8366998e-02	1.2319183e-01	-1.0612897e-02	1.3066624e-01	-2.2213999e-02	-1.7495267e-01	-2.3469325e-02	3.0315548e-01	-3.1889338e-02	4.0283707e-01	5.4673725e-01
1.0796815e-01	6.0484463e-01	9.5940128e-02	2.6420823e-01	2.0104104e-01	1.3780397e-01	3.6732960e-01	8.0064885e-02	-7.1479951e-04	3.0129847e-01	-8.9728102e-02	1.6682871e-01	6.2029606e-01	1.2565811e-01	4.1117227e-01	5.9531003e-01
7.6894991e-02
2.1207891e-01	2.7271053e-01	1.3764015e-02	-5.0252348e-01	-7.0093727e-01	1.2735041e-02	-1.6871946e-01	-4.2316493e-01	1.7122526e-01	4.2959636e-01	-2.8062412e-01	-3.7996191e-01	1.3820589e-01	2.3963889e-02	1.6190977e-01	-3.1501749e-01	5.3881109e-01	-3.6765642e-02	1.5520331e-01	1.0173841e-01	4.6879795e-01	1.3916810e-01	6.3965404e-01	-4.8302826e-01	-5.6018519e-01	-1.9894680e-01	-3.8580427e-01	-1.6463999e-01	-3.2753882e-01	1.5712227e-01	-2.8054142e-01	2.1438344e-01	-2.1868212e-02	7.1574950e-01	-4.9712139e-01	7.1610729e-03	6.1227185e-01	-2.8086230e-01	-6.1504477e-01	2.8245959e-01	2.2154372e-02	-1.0943649e-03	-5.0997327e-04	-5.4080650e-02	-1.3948489e-02	9.5964316e-03	8.4207875e-01	-7.4213260e-01	-8.4367490e-01	7.4580568e-01	-8.4103001e-03	-4.1095777e-03	-4.6281037e-03	-3.1661347e-03	-2.1642577e-02	1.1525531e-03	-5.5205190e-01	8.7016612e-01	5.4501402e-01	-8.6981207e-01	-2.1191382e-01	4.7317439e-01	1.7319624e-01	2.4792483e-01	-8.7308288e-01	3.6024553e-01	2.9772472e-01	1.2124560e-01	7.2633201e-01	2.8192756e-01	-2.0642553e-02	-9.6783005e-03	-5.7659537e-04	4.6662271e-02	1.8108016e-02	3.4134416e-04	-7.0169169e-01	-1.2519283e+00	6.9853944e-01	1.2487158e+00	-2.7382940e-01	-7.4007392e-02	1.5531451e-01	-3.5467532e-01	7.1135622e-01	1.9482315e-01	6.9809914e-01	-5.0952550e-02	-2.2092693e-01	3.9030725e-01	-1.4647360e-02	-3.5690966e-03	-1.9548852e-03	1.6102517e-02	-5.9537729e-03	-1.0261792e-03	1.3181752e+00	1.2338749e-01	-1.3215841e+00	-1.2503065e-01	9.4997264e-02	-6.1090004e-01	-5.0379480e-03	-8.2413912e-01	-2.6799476e-01	-1.2740330e-02	-4.0151548e-02	6.3164502e-02	7.2090067e-02	1.3955653e-02	-1.8421749e-02	-9.7090349e-02	1.9024771e-01	-5.3905226e-02	1.8390071e-01	-8.6677110e-01	4.4522244e-01	-3.1554866e-01	-4.4378823e-01	3.0680561e-01	2.8287882e-03	-3.2460031e-01	1.3377966e-01	-1.1554762e-01	7.5954229e-01	-2.6932718e-02	7.4858767e-01	-3.1859303e-01	-3.6367595e-01	4.5444191e-01	-7.4391980e-03	4.1374424e-03	6.9429108e-04	1.6900890e-02	-9.6087111e-03	-2.0663436e-03	-5.4467585e-02	8.3405828e-01	5.2739020e-02	-8.3485174e-01	3.9366481e-01	-5.5416709e-01	1.3395002e-01	-3.9402857e-01	6.9223607e-01	-6.7877179e-01	-4.3145341e-01	4.0227774e-01	4.6745643e-01	-3.8435268e-01	1.0175455e-01	-7.3509508e-01	-2.4144001e-01	5.6259900e-01	1.3767457e-01	-1.4953488e-01	4.3094265e-01	3.0270731e-01	4.2635521e-01	4.6637636e-01
-7.2598553e-01	5.7012051e-02	1.4144349e-01	-9.9183303e-01	1.4111831e+00	1.7629452e+00	4.7513855e-01	2.3766665e+00	-1.2854832e-02	2.6642127e+00	4.8450023e-02	4.3216422e-01	-1.1358067e-01	3.2084894e+00	-3.6375377e-01	4.1074589e-01	1.0692793e+00	1.8455151e-03	6.9425309e-01	8.5021549e-01	-3.1204305e+00	-2.9689429e+00	-1.5456779e-01	-3.6863573e+00	-1.2688759e-01	-4.0850978e+00	-8.8261314e-02	-7.6745433e-01	6.5983897e-01	-5.3016725e+00	7.8111202e-01	-2.4587089e-02	6.8166840e-01	-6.4411312e-02	2.6058257e-01	5.1122421e-01	-2.5779772e+00	-2.1450245e+00	-3.1009844e-01	-2.8413339e+00	4.1971883e-01	-2.9067340e+00	-3.2429203e-02	2.3509423e-01	-4.4123042e-02	-3.1192329e+00	2.4203549e-01	3.3811805e-01	1.1168507e+00	3.7571257e-01	8.6013868e-02	1.2945353e+00	-3.0600002e+00	-2.5205591e+00	-4.7522262e-01	-3.4762127e+00	3.8406697e-01	-3.7677679e+00	-3.0529216e-01	3.5964195e-02	-1.5952595e-01	-5.2150693e+00	-9.5149435e-02	4.6455228e-01	1.2922831e+00	1.2206346e-01	4.0213311e-01	3.4216967e-01	-9.8101842e-01	-6.8985307e-01	2.3612032e-02	-2.4340811e+00	-2.1815136e-01	1.8478203e-01	-1.5402223e+00	6.6211283e-01	-3.4833309e-01	-8.4324914e-01	-1.1416764e-01	-4.2487364e-02	-6.5867823e-01	-2.0520125e-01	-3.3257434e-01	-6.1571658e-01	2.4979849e+00	2.0339289e+00	4.8980057e-01	2.6302156e+00	5.0892013e-01	3.1647294e+00	-8.2785755e-02	-4.9347911e-02	-7.3078305e-02	4.0592299e+00	-1.3594659e-01	2.6967031e-01	-1.8245544e-01	-7.1305919e-01	6.5592863e-02	2.0069535e-01	-1.2748593e-01	3.0789634e-02	1.0976212e-01	7.2604090e-02	6.1401643e-02	-1.2556571e-01	3.8686922e-01	2.6773840e-01	-4.3561575e-01	-8.1277378e-02	-1.5727299e-01	-9.0295941e-01	8.5414332e-01	-3.1707153e-01	-7.1335322e-01	1.3880687e+00	-5.0719339e-01	-1.4947209e+00	1.5825745e-01	-3.7293300e-01	1.3183874e-01	-2.5802183e-01	-1.3148201e-01	6.1346358e-01	-2.6104596e-01	-5.7357472e-01	2.8693566e-01	-6.0598361e-01	9.5242906e-01	2.6903555e-01	1.6054147e-01	7.0467603e-01	-1.8056002e+00	-1.8867840e+00	1.1859545e-01	-2.4380999e+00	6.5084640e-03	-2.2790387e+00	-2.4904465e-02	-1.0170289e-01	-2.8757701e-02	-2.9827189e+00	3.4534231e-01	2.6703185e-01	-7.0590657e-01	-3.4730025e-02	-2.6436567e-01	-7.5129044e-01	3.4614320e+00	2.8218305e+00	5.4376251e-01	4.0095530e+00	-7.1970201e-01	5.1492252e+00	1.8070003e-01	1.5902455e-01	-1.1392077e+00	5.2921290e+00	1.1241066e+00	2.2875500e-01	-3.2048228e-01	-4.5110595e-01	-1.6035846e-01	-3.7119752e-01	-4.4272566e-01	-2.5334263e-01	-1.6967705e-01	2.2060721e-01	-1.2112404e-01	7.2266534e-02	-6.7626268e-02	-5.4309335e-02	-2.4791138e-01	1.1805816e-01	2.4678557e-01	-3.5648626e-01	-5.2182406e-01	-2.3175523e-01	-9.0896928e-01	-1.6591769e+00	5.0328982e-01	2.1266510e+00	5.6810987e-01	3.3515267e+00	-6.2972641e-01	2.4704900e+00	-4.5258902e-02	-1.3783576e-01	-9.5595020e-01	3.7132781e+00	1.1885943e+00	9.2517212e-02	1.2046791e+00	2.5299990e-01	8.3097565e-01	1.5592349e+00	-3.2596240e+00	-3.0783260e+00	-3.5774726e-01	-3.8140621e+00	9.4382964e-02	-4.1503067e+00	-1.2818564e-01	-8.9082283e-01	-1.6898315e-02	-5.7462659e+00	3.3039036e-01	2.7018347e-01	-7.7127284e-01	-3.1032747e-01	-1.9932763e-01	-5.2285129e-01	1.8303217e+00	1.9327735e+00	4.7024575e-01	2.4643910e+00	2.1355346e-01	2.9393373e+00	-5.4679159e-02	1.0925938e-01	1.2651688e-01	3.8686204e+00	-2.2245613e-01	2.0719092e-01	1.0997137e+00	-6.8475448e-02	6.2991035e-01	8.3906305e-01	-2.5671270e+00	-1.6164688e+00	2.4039352e-01	-2.6840100e+00	7.3486686e-02	-3.4864399e+00	3.6877934e-02	-3.8340494e-01	4.6060821e-01	-3.7658584e+00	-1.9428860e-01	4.7985982e-02	1.2903261e+00	-2.5201835e-02	7.4161583e-01	1.3245218e+00	-1.6579559e+00	-1.9804841e+00	-5.6816248e-04	-2.3561974e+00	1.0044090e-01	-3.4069037e+00	-1.3429163e-01	-1.0989939e+00	1.8986247e-01	-4.1963229e+00	3.7215233e-02	-5.9518605e-02
1.6507009e+00	-3.8634655e+00	-1.8916268e+00	-2.0421445e+00	-3.1060820e+00	1.4275950e+00	-1.0661590e+00	-1.9002248e+00	-1.2442566e+00	2.2045023e+00	3.5834649e-01	2.5173113e+00	-3.1789212e+00	1.6409378e+00	-2.1379423e+00	-3.1223187e+00
