7
input	10
dense	16
relu	0
dense	16
relu	0
dense	1
sigmoid	0
0.0010000000474974513
1.7661384e-01	7.8863986e-02	1.9427727e-03	1.1538225e-01	-5.2747660e-04	2.1159758e-01	-9.3941055e-02	1.1577906e-02	-4.9565886e-03	1.6554849e-02	2.1724068e-02	2.1837687e-01	-7.5155171e-04	5.3467043e-02	-4.1175811e-03	3.1622517e-01
4.7068346e-01	-7.3220685e-02	1.7790055e-01	4.0521014e-02	2.4627344e-01	2.7387726e-01	1.5556055e-01	2.6045361e-01	1.3330771e-01	8.6681455e-02	1.7758632e-01	-8.8703474e-03	-7.5163797e-02	1.7625022e-01	1.7794211e-01	2.1324863e-01
6.7678094e-03
-2.2169539e-01	1.8311727e-01	-1.2820190e-01	-1.5365393e-01	-2.8184053e-01	4.2319581e-02	-4.6789309e-01	4.6458742e-01	7.0111573e-01	-2.3386374e-01	-3.6147541e-01	1.0190936e-01	-7.0181869e-02	-2.8623747e-02	3.8840351e-01	-6.8566181e-02	8.0203429e-02	2.9705918e-01	1.7151962e-01	2.3254295e-01	2.2540743e-02	3.2131728e-02	-1.0640362e-03	-6.9833651e-02	-1.2879814e-01	-1.1313213e-02	6.0768068e-01	8.6366481e-01	-6.0990572e-01	-8.6450386e-01	-1.0160086e-01	1.3849665e-01	1.3540955e-01	-5.1156539e-01	6.7306064e-02	-3.4938160e-01	7.6132643e-01	-2.6510918e-01	-4.8172584e-01	6.7810702e-01	-1.3669726e-02	1.7961046e-02	2.9052147e-03	4.1289374e-02	-7.2381824e-02	-8.2860090e-04	-4.6740684e-01	6.8553293e-01	4.6753612e-01	-6.8568683e-01	-2.8431877e-03	1.4940289e-01	1.0847238e-01	3.2626104e-01	-1.5781093e-01	6.0641423e-02	-8.1657821e-01	4.9198765e-01	9.1363180e-01	3.7469797e-02	1.2078429e-01	-2.4087986e-01	-1.5182120e-01	4.5564017e-01	-3.0144846e-02	-7.0803910e-03	5.2844130e-02	2.6490217e-01	-5.3034502e-01	-2.1383749e-02	8.1107892e-02	-2.4794566e-02	-1.2632458e-01	-3.2037142e-01	6.8969466e-02	5.8264530e-01	5.4941285e-01	-4.1906118e-02	-5.4998195e-01	3.7359558e-02	-2.6400516e-02	-3.1742357e-02	-8.3824864e-04	1.2542146e-01	1.2843898e-01	1.3531221e-03	-6.8121260e-01	-6.0202092e-01	6.8384933e-01	6.0254759e-01	2.7139163e-01	-2.1323901e-01	5.9809266e-03	-7.3028100e-01	5.6411386e-01	4.7358651e-02	-4.1526467e-01	1.1258475e-01	4.1670921e-01	-1.1702791e-01	-2.5358608e-01	-1.3960257e-01	1.6747778e-03	6.7328668e-01	3.5553756e-01	1.1342035e-03	3.3764285e-01	2.0287220e-01	-3.4118587e-01	-2.0662978e-01	-9.0345606e-02	1.0483222e-01	9.0513475e-02	1.7789418e-01	-1.7190620e-01	2.6439708e-02	-3.2884061e-01	4.1194555e-01	4.0486589e-01	-2.8143951e-01	-2.0864818e-02	1.4313936e-02	1.5182652e-03	5.8947183e-02	-6.1553981e-02	-1.5813893e-03	-5.6533384e-01	6.4208430e-01	5.6467873e-01	-6.4262301e-01	1.9250582e-01	4.3488076e-01	1.8529223e-02	-5.0898808e-01	-1.0833578e+00	6.1700284e-02	-1.8096919e-01	-2.0576645e-01	1.7215136e-01	1.9343401e-01	-3.0763445e-02	-3.1281721e-02	-4.4424948e-03	1.3498187e-01	9.1843493e-02	2.9405225e-03	-8.1587261e-01	-6.5950572e-01	8.1594276e-01	6.6163665e-01	6.2112868e-02	1.0536596e-01	6.1913636e-02	-1.3258371e-01	1.2387400e-02	-2.7269227e-02	7.4384296e-01	-1.1109180e-01	-5.7634944e-01	6.6863000e-01
1.2695162e-01	1.4129221e-01	-6.6984969e-01	-4.5308951e-01	-1.0486867e+00	3.6158678e-01	-4.0890330e-01	-4.5825538e-01	-7.7943838e-01	4.6065319e-01	8.8247287e-01	-6.4294852e-02	-1.0064803e+00	8.9223164e-01	-1.1605070e+00	1.0863996e-02	8.7073579e-02	-3.8445371e-01	1.3527599e-01	3.1515223e-01	3.0057925e-01	-4.1705158e-01	1.2562722e-01	-1.8357266e-01	1.4711957e-01	1.1107647e-01	-7.4474819e-02	-5.1162326e-01	2.4580878e-01	-6.8975069e-02	2.8073347e-01	-3.1877980e-01	-2.8394124e-01	4.0665025e-01	1.2694986e+00	7.3838815e-02	7.7588016e-01	4.2624682e-01	-2.4448709e-01	8.0618650e-01	1.2513038e+00	-8.7995863e-01	-1.0412287e+00	-2.1737848e-01	8.8276160e-01	6.2961690e-02	1.0597330e+00	6.6649288e-01	5.8219817e-02	9.9700123e-02	1.0770290e+00	3.5462329e-01	1.0383950e+00	1.0064064e-01	1.3596383e-01	4.0393689e-01	1.1519449e+00	-9.4987637e-01	-6.7195791e-01	9.4287604e-02	1.1657137e+00	-4.9833700e-02	8.2512033e-01	1.4735195e-01	5.0353682e-01	-1.9677265e-03	-1.0352293e+00	-1.1081055e-01	-7.2570175e-01	1.5704405e-02	4.3005332e-01	-7.0963883e-01	-5.6377631e-01	9.2629343e-01	9.3516618e-01	-4.8841160e-02	-1.2020983e+00	7.4286628e-01	-1.0751747e+00	5.2861445e-02	5.5211014e-01	4.8914019e-02	-1.1791193e+00	-1.2428574e-01	-1.2606006e+00	-1.3028324e-01	-1.7247915e-02	-2.4777965e-01	-1.0625486e+00	8.1370413e-01	6.0414129e-01	5.2734375e-01	-1.1124352e+00	2.6260242e-01	-8.0337059e-01	1.0722503e-01	-7.6928121e-01	-7.3154971e-02	3.4329024e-01	8.7087059e-01	1.3446207e-01	-7.9916114e-01	6.6652842e-02	6.4980841e-01	7.1011519e-01	-6.1313385e-01	-2.0406382e-01	-9.1675311e-01	2.2260446e-02	-2.6863819e-02	4.4039503e-01	7.1716261e-01	8.2046181e-02	-3.0929925e-02	-1.0842302e+00	5.9958983e-02	-9.1590202e-01	8.9757003e-02	1.9114748e-02	1.3926342e-01	-1.4113634e+00	1.1550608e+00	8.8450402e-01	5.0828540e-01	-1.1921724e+00	3.7260127e-01	-8.0205894e-01	-1.4968209e-01	-7.4881107e-01	-3.4521960e-02	3.9586285e-01	9.1070867e-01	-4.7913572e-01	-7.4979872e-01	1.5649968e-01	7.3471618e-01	5.3374368e-01	-5.6947392e-01	-2.3237622e-01	-7.6202011e-01	1.7471357e-01	-2.5717992e-02	3.2262895e-01	5.3874338e-01	4.6100980e-01	-1.1361781e-01	-7.1360505e-01	-1.4462055e-01	-1.1499600e+00	5.3015970e-02	6.7801423e-02	-6.1831868e-01	-6.4291638e-01	1.0754094e+00	7.7833706e-01	4.3503407e-01	-1.1831765e+00	2.7209058e-01	-6.2009048e-01	1.0697487e-01	-5.9014738e-01	1.5720303e-01	9.5882249e-01	4.4064212e-01	9.4896740e-01	-6.0881668e-01	1.3721731e-01	8.6807799e-01	1.2530130e+00	-9.2497283e-01	-5.2823466e-01	-3.6902183e-01	1.1300243e+00	-2.2791594e-02	4.6484208e-01	5.3859431e-01	3.4672531e-01	9.1122299e-02	7.2103524e-01	-3.6236554e-01	9.0941876e-01	5.1858974e-01	8.9313447e-02	-1.8462670e-01	1.0523424e+00	-9.0954117e-02	-4.8789755e-01	6.5352547e-01	5.9697521e-01	-1.7858106e-01	6.4971733e-01	-6.0939837e-01	3.7807539e-01	1.8936748e-02	6.6178393e-01	-6.2578928e-01	9.2974830e-01	1.1664753e-01	-1.0849407e-01	-2.4162440e-01	6.7703575e-01	-1.6291943e-01	-2.5775075e-01	7.7216911e-01	6.5347195e-01	-1.5251583e-01	3.2246831e-01	1.0957635e-02	3.6553499e-01	2.0585491e-01	-1.4032356e+00	-1.5398815e-01	-1.5186754e+00	1.7355315e-01	3.3537117e-01	-6.6555083e-01	-9.8411816e-01	1.0616248e+00	1.2138541e+00	5.6541525e-02	-8.3863217e-01	1.0274239e+00	-5.3089643e-01	-1.5895800e-01	-2.5714299e-02	1.9298519e-01	-4.4999677e-01	-2.8189045e-01	-1.2292190e+00	2.8943148e-01	1.0796513e-01	-7.2987682e-01	-5.8603895e-01	7.7639133e-01	8.6593831e-01	4.2495593e-01	-9.4894606e-01	4.4744346e-01	-1.0680497e+00	3.7057109e-02	2.9740137e-01	-1.0467570e-01	-9.9274153e-01	-1.1594753e-01	-5.5465692e-01	1.7143585e-01	2.7005264e-01	-5.0128984e-01	-4.4232771e-01	5.9485996e-01	1.3596020e+00	5.7609200e-02	-7.8862655e-01	8.3721840e-01	-1.2066641e+00	-9.4280513e-03
-1.7362436e+00	-1.6531000e-01	7.9510033e-01	1.0841727e+00	-1.0031435e+00	-1.0149941e+00	1.1804085e+00	-1.0933324e+00	1.3480567e+00	-1.3098414e+00	1.3638920e+00	1.0926698e+00	9.3416536e-01	-6.9408274e-01	-1.5248065e+00	-1.1995609e+00
